Date FG
20110505 14
20110512 14
20110519 14
20110526 14
20110602 14
20110609 14
20110616 14
20110623 14
20110630 14
20110707 14
20110714 14
20110721 14
20110728 14
20110804 14
20110818 14
20110825 14
20110901 14
20110908 14
20110915 14
20110922 14
20110929 14
20111006 14
20111020 14
20111027 14
20111103 14
20111110 14
20111117 14
20111124 14
20111201 14
20111208 14
20111215 14
20111222 14
20111229 14
20120105 14
20120112 14
20120119 14
20120126 14
20120202 14
20120209 14
20120216 14
20120223 14
20120301 14
20120308 14
20120315 14
20120322 14
20120329 14
20120412 14
20120419 14
20120426 14
20120503 14
20120510 14
20120517 14
20120524 14
20120531 13
20120607 19
20120614 19
20120621 19
20120628 19
20120712 56
20120719 56
20120726 56
20120802 63
20120809 73
20120816 78
20120823 68
20120830 60
20120906 83
20120913 83
20120920 92
20120927 71
20121004 76
20121011 72
20121018 63
20121025 40
20121101 50
20121108 46
20121122 48
20121129 50
20121206 50
20121213 60
20121220 67
20121227 67
20130103 84
20130110 84
20130117 85
20130124 89
20130131 93
20130207 93
20130214 84
20130221 84
20130307 73
20130314 82
20130321 70
20130328 69
20130404 55
20130411 55
20130425 46
20130502 60
20130516 87
20130523 75
20130530 75
20130606 34
20130613 34
20130620 34
20130627 34
20130704 34
20130711 68
20130718 68
20130725 68
20130801 68
20130808 47
20130815 46
20130822 46
20130829 49
20130905 49
20130912 46
20130919 57
20130926 57
20131003 21
20131010 21
20131017 39
20131024 39
20131031 39
20131107 64
20131114 64
20131121 64
20131128 64
20131205 64
20131212 50
20131219 50
20131226 66
20140102 77
20140109 68
20140116 68
20140123 27
20140130 29
20140206 23
20140213 22
20140220 58
20140227 58
20140306 58
20140313 43
20140320 49
20140327 36
20140403 34
20140410 34
20140417 34
20140424 34
20140501 34
20140508 40
20140515 40
20140522 40
20140529 40
20140605 40
20140612 83
20140619 83
20140626 83
20140703 83
20140710 32
20140717 32
20140724 37
20140731 9
20140807 5
20140814 8
20140821 36
20140904 47
20140911 37
20140918 37
20140925 17
20141002 7
20141009 1
20141016 1
20141023 5
20141030 5
20141106 5
20141113 61
20141120 61
20141127 61
20141204 61
20141211 61
20141218 61
20141225 61
20150101 61
20150108 46
20150115 46
20150122 46
20150129 46
20150212 73
20150219 80
20150226 77
20150305 65
20150312 39
20150319 39
20150326 39
20150402 39
20150409 59
20150416 59
20150423 59
20150430 61
20150507 61
20150514 61
20150521 61
20150528 30
20150604 30
20150611 30
20150625 34
20150702 16
20150709 13
20150716 13
20150723 14
20150730 21
20150806 10
20150813 10
20150820 10
20150827 10
20150903 10
20150910 15
20150917 15
20150924 23
20151001 18
20151008 42
20151015 44
20151022 55
20151029 71
20151112 71
20151119 58
20151126 58
20151203 58
20151210 24
20151217 25
20151224 43
20151231 27
20160107 27
20160114 27
20160121 14
20160128 14
20160204 17
20160211 17
20160218 17
20160225 69
20160303 69
20160310 71
20160317 79
20160324 79
20160331 79
20160407 79
20160414 60
20160421 60
20160428 60
20160505 60
20160512 60
20160519 78
20160526 78
20160602 78
20160609 53
20160616 53
20160623 53
20160630 71
20160707 75
20160714 75
20160721 75
20160728 75
20160804 75
20160811 75
20160818 75
20160825 63
20160901 63
20160908 47
20160915 47
20160922 47
20161006 34
20161013 34
20161020 34
20161027 14
20161103 14
20161110 41
20161117 61
20161124 61
20161201 71
20161208 71
20161215 84
20161222 84
20161229 58
20170105 58
20170112 61
20170119 53
20170202 53
20170209 68
20170216 68
20170223 68
20170302 68
20170309 42
20170316 42
20170323 42
20170330 42
20170406 42
20170413 42
20170420 63
20170427 63
20170504 63
20170511 63
20170518 62
20170525 57
20170601 55
20170608 54
20170615 50
20170622 50
20170629 46
20170706 44
20170713 55
20170720 73
20170727 70
20170803 64
20170810 28
20170817 17
20170824 22
20170831 43
20170907 41
20170914 68
20170921 79
20170928 73
20171005 94
20171012 83
20171019 82
20171102 66
20171109 68
20171116 50
20171123 54
20171130 64
20171207 64
20171214 69
20171221 66
20171228 61
20180104 75
20180111 79
20180118 75
20180125 79
20180201 40
20180208 16
20180215 13
20180222 18
20180301 17
20180308 44
20180315 36
20180322 11
20180329 8
20180405 9
20180412 23
20180419 32
20180426 43
20180503 40
20180510 40
20180517 42
20180524 42
20180531 42
20180607 66
20180614 64
20180621 53
20180628 36
20180705 33
20180712 47
20180719 56
20180726 66
20180802 66
20180809 66
20180816 66
20180823 59
20180830 59
20180906 59
20180913 59
20180920 74
20180927 47
20181004 41
20181011 5
20181018 12
20181025 12
20181101 12
20181108 12
20181115 22
20181122 22
20181129 22
20181206 22
20181213 11
20181220 5
20181227 12
20190103 10
20190110 22
20190117 51
20190124 58
20190131 55
20190207 67
20190214 67
20190221 72
20190228 72
20190314 65
20190321 64
20190328 49
20190404 74
20190411 74
20190418 70
20190425 72
20190502 72
20190509 40
20190516 32
20190523 32
20190530 27
20190606 29
20190613 38
20190620 52
20190627 53
20190704 55
20190711 62
20190718 47
20190725 54
20190801 43
20190808 27
20190815 19
20190822 25
20190829 26
20190905 41
20190912 65
20190919 63
20190926 57
20191003 29
20191010 37
20191017 50
20191024 58
20191031 72
20191107 91
20191114 83
20191121 70
20191128 78
20191205 68
20191212 75
20191219 91
20191226 94
20200102 97
20200109 94
20200116 91
20200123 68
20200130 56
20200206 64
20200213 58
20200220 49
20200227 13
20200305 9
20200312 1
20200319 7
20200326 23
20200409 43
20200416 42
20200423 40
20200430 47
20200507 41
20200514 39
20200521 52
20200528 50
20200611 52
20200618 51
20200625 49
20200702 50
20200709 53
20200716 62
20200723 68
20200806 74
20200813 72
20200820 70
20200827 76
20200910 59
20200917 53
20200924 48
20201001 41
20201008 53
20201015 59
20201022 69
20201029 33
20201105 41
20201112 55
20201119 65
20201126 91
20201203 85
20201210 77
20201217 71
20201224 53
20201231 51
20210107 66
20210114 66
20210121 72
20210128 41
20210204 64
20210211 66
20210218 59
20210225 54
20210304 47
20210311 60
20210318 52
20210325 41
20210401 58
20210408 62
20210409 61
20210416 60
20210423 62
20210430 55
20210501 56
20210502 56
20210503 54
20210510 51
20210517 39
20210524 36
20210531 38
20210607 48
20210614 54
20210615 51
20210616 44
20210617 41
20210618 32
